4294967294,0
4294967279,33
4294967279,32
4294967279,30
4294967279,28
4294967279,27
4294967279,26
4294967279,24
4294967279,23
4294967279,21
4294967279,19
4294967279,14
4294967279,13
4294967279,12
4294967279,11
4294967279,10
4294967279,9
4294967279,260
4294967278,352
4294967279,189
4294967278,188
4294967278,187
4294967279,531
4294967278,431
4294967278,183
4294967294,22
4294967294,17
4294967294,42
4294967294,67
4294967294,99
4294967294,76
4294967294,36
4294967294,39
4294967294,41
4294967294,437
4294967294,43
4294967294,417
4294967294,51
4294967294,52
4294967294,394
4294967294,24
4294967294,25
4294967294,477
4294967294,479
4294967294,146
4294967294,26
4294967294,202
4294967294,82
4294967294,1414
4294967294,83
4294967278,181
4294967279,181
4294967278,180
4294967278,179
4294967278,178
4294967278,177
4294967279,177
4294967278,176
4294967278,175
4294967294,6
4294967279,172
4294967279,171
4294967278,132
4294967278,131
4294967278,374
4294967278,130
4294967278,129
4294967278,128
4294967278,127
4294967278,126
4294967278,219
4294967278,125
4294967278,217
4294967278,124
4294967278,123
4294967278,122
4294967278,421
4294967278,121
4294967278,410
4294967278,120
4294967278,119
4294967278,245
4294967278,118
4294967278,117
4294967278,116
4294967278,440
4294967278,115
4294967278,114
4294967278,113
4294967278,403
4294967278,112
4294967278,420
4294967278,111
4294967278,231
4294967278,110
4294967278,229
4294967278,109
4294967278,108
4294967278,225
4294967278,107
4294967278,106
4294967278,105
4294967278,104
4294967278,103
4294967278,391
4294967278,102
4294967278,101
4294967278,100
4294967278,99
4294967278,98
4294967278,318
4294967278,97
4294967278,372
4294967278,96
4294967278,317
4294967278,95
4294967278,94
4294967278,424
4294967278,93
4294967278,92
4294967278,91
4294967278,90
4294967278,89
4294967278,87
4294967278,86
4294967278,298
4294967278,85
4294967278,84
4294967278,83
4294967278,82
4294967278,81
4294967278,80
4294967278,79
4294967278,78
4294967278,77
4294967278,76
4294967278,75
4294967278,74
4294967278,350
4294967278,73
4294967278,72
4294967278,71
4294967278,383
4294967278,70
4294967278,69
4294967278,377
4294967278,68
4294967278,67
4294967278,66
4294967278,65
4294967278,64
4294967278,63
4294967278,62
4294967278,260
4294967278,0
4294967278,346
4294967279,352
4294967279,571
4294967279,338
4294967279,81
4294967279,79
4294967279,351
4294967279,77
4294967279,72
4294967279,322
4294967279,376
4294967279,70
4294967279,68
4294967279,65
4294967279,63
4294967279,62
4294967279,61
4294967279,374
4294967279,334
4294967279,54
4294967279,291
4294967279,288
4294967279,49
4294967279,47
4294967279,348
4294967279,43
4294967279,347
4294967279,39
4294967279,36
4294967279,540
4294967279,34
4294967279,372
4294967279,31
4294967279,343
4294967279,29
4294967279,553
4294967279,25
4294967279,0
4294967279,22
4294967279,20
4294967279,18
4294967279,519
4294967279,17
4294967279,333
4294967279,16
4294967279,15
4294967279,551
4294967279,550
4294967279,273
4294967279,567
4294967279,517
4294967279,8
4294967279,320
4294967279,7
4294967279,6
4294967279,5
4294967279,4
0,5
4294967279,358
4294967294,7
4294967294,5
296,5
296,4
296,3
296,2
296,1
4294967278,251
4294967279,557
295,6
295,5
295,4
295,3
295,2
295,1
4294967279,286
294,7
294,6
294,5
294,4
294,3
294,2
294,1
4294967279,380
4294967278,249
4294967278,241
290,7
290,6
290,5
290,4
290,3
290,2
290,1
4294967278,239
4294967294,1416
4294967279,330
4294967294,205
4294967279,379
287,6
287,5
287,4
287,3
287,2
287,1
4294967278,235
4294967294,1417
4294967278,233
4294967278,227
282,6
4294967294,478
282,5
282,4
282,3
282,2
282,1
281,5
281,4
281,3
281,2
281,1
279,5
279,4
279,3
279,2
279,1
277,4
277,3
277,2
277,1
4294967278,223
4294967278,425
4294967278,442
4294967279,378
4294967293,131
4294967293,130
4294967293,129
4294967293,128
4294967293,127
4294967293,126
4294967293,125
4294967293,124
4294967293,123
4294967293,122
4294967293,121
4294967293,120
4294967293,119
4294967293,118
4294967293,117
4294967293,116
4294967293,115
4294967293,114
4294967293,113
4294967293,112
4294967293,111
4294967293,110
4294967293,109
4294967293,108
4294967293,107
4294967293,106
4294967293,105
4294967293,104
4294967293,103
4294967293,102
4294967293,101
4294967293,100
